2880972687
14301389584602333691
60100703815209605955438021383
2533559354
3098902861289758153
37621098462316911960450310730
2730496335
3296848441974379120
31043486486079448977798837366
1636815145
15363765608288085237
9553300096698610776789316677
1850898524
66339047913587276
16933328618529181656514281784
672622384
9237100878534936814
73981080367934352154880811880
690241174
5206803230986743884
63258360735251375122489471468
3115609563
6413518369316711134
8562483460060944235548170078
3266099112
4441214074275293841
27863279450702183554455188562
174762736
5473388892543254818
272077976309844883293220064
3710189339
7616139192779783266
54036146549034822146107353258
1991474296
12412106915342802518
64352085049224319258894544814
1313425721
8349410892636259183
26432081977588363505060498695
852693807
16536933346622280148
55111296969160204712207603964
1379966301
6891646877270039587
60657789464416031572849449467
3288553228
8543140391448192862
14276623609705948288865085462
1218706925
6374719413094690542
30762772654917039071715272490
1817757600
7400154846475278597
46379336715511942977700242307
30764234
10844884811146364876
5269536219686211194304548507
659390440
6819805656142786715
12475653797931786763413136775
2684746543
16427732318844339997
76791514105600592740669840508
1149250005
3724229070343997324
57102345842136447367487929598
3844844276
3883020156920977295
57094693427994349165454083237
1555367786
7608503861585518272
4811911950208485097644277190
1858812666
2502489385232518470
37430576669581429087173805321
3059011282
11269329761249261302
9500987454967963450168320397
4130047611
15795330156663733347
58775684275503135493370001097
1467879918
4853934418263008625
15597070848309500023462012782
3467036741
9017566861335385545
55234410053280524835159240430
3107091242
2781477731511901873
5067067967214062397474569077
3354351831
13738363494904888599
59699476055100301424796723477
1366820046
11292122124102255609
44768642784560725908140045419
500932729
2487120669446128463
38297755196903343893415126856
1095027608
14049724997674548967
59006825992138193109791329404
2037797968
11749964723214755304
36569424297345954698804776736
2779828521
11122457022968011985
3469031303512709664491307984
2380940106
15383719738680022665
65189199814653640072811028436
4284531467
2287363154708494971
74355419601633279627883457954
3477945354
8829918982494785751
75360396322484085654253829233
3553215428
11968891851005251442
45608503469750406723578908909
919732373
2646831394414195069
45480427423491098717793092485
2567921250
3869213848035233590
72089433747980227116920139650
613907790
10168007872762767042
78688510484773521848613858101
3173377768
2149053706867555862
51339198036776071125572112676
529384032
11104840020793726625
17754808247171927305571065180
3715796575
16475966960459634302
23116984145011622296454270748
2999051408
11062747770128748567
15244428943842726120526447950
232575964
18117426356813095434
56458504838243102141325594354
2624332752
10445920031407286031
56280488312039230878664367640
445510924
18247509596734739525
55627507658837812046576098359
2313014430
1220915242421216186
25729517607070908626809450774
2195707562
448406983936340178
40623062376874077962262149918
4003404912
9792448373752523796
21970345222285991775493585631
714799792
7129125769001542411
17721712265869231189538490846
2745531365
11448630421166804055
4376252848177728628633649727
405628700
4555552238897226156
1643964434755390705305364180
1407180143
706048350383528902
73578017853024766771476483550
3624445954
2771295162632118467
68144133186841928717965332807
3195925286
14276415157269152670
77910290429562020209273966410
1005166652
735378199366586801
10306249970209502376685815525
2557996730
16631719249727229670
12239885794629026309599078148
3979243468
8772086177194424422
737273545380936237889123565
1511247322
16967462979412213821
73628192394275434717047947928
2659976087
17753693940473735134
17151613139509708792440879917
1186259553
9421832072358797836
58837059286625569065302594658
428371544
5190890789088034366
41596715566227238812869960889
3820084185
16234140419609462365
15356716357415186174861595799
425430502
13346349239564050914
75650019603812975286457796831
3608835563
9550560357640029378
36030708797637976279169585547
1041560313
11636705353832238510
77841369228328888199495201334
2588525238
9510413760166215025
67770499869319353086489744688
3839493260
10345308985199989799
62103110591279293479321597908
657146891
8138636443330513521
76913413991714803836429601970
2368188289
13073984180774135784
49681878934123143141301964601
1758437617
13455781424410474595
13371299216115885037475806260
289962385
15362258181233095449
72224034396561097598271568515
3095435008
7071138851702773819
33728691801144413134711323340
2122167052
5905845135318854447
76879639847290521278761929002
1748607786
14335069121517371178
53589618077360103478811478688
4097196450
11039935253265200325
52676727325683523228650001380
4825763
8095635426993359034
76190375489558198676544249735
3912032492
13092054492161416316
74414547939303685461840253927
562194118
11506423552018325610
21046932034922664813108818450
4213682648
103075231444990431
8005497406470537730944828694
2073158702
2780581662538458499
71434239505451930392960583209
322248878
16852346677363772737
62372746074883620982310473867
207535389
7961753165732856805
12341477132146682117914359372
235601840
17843984684707986233
53788495425761853555404804073
250621875
9685881651163809254
19070371200927818930963696273
1178785520
15864620062238085527
21510176892815126041304838719
1344957492
10054130977575676910
31117776007674049545162856091
1686038681
2781188550504302263
17038473421381191635622294866
442886128
6175806594304966465
55965845628668620200956859916
497055695
736683867325238619
47235489560367454481651554476
1657715169
11286129467687804763
31664964365430452711236264543
3646825385
10393267230506497440
32643612846952766530015996382
476002394
15881198696862351929
37513512411075557836033236588
761221000
15258128251753035198
28694907306561342981658548988
2837738753
3504555580067935431
63860247140657359193520716278
2132486781
14728129574014004310
77471890751313086807670844868
2461267878
2066442760742134362
68615176363753403432115420915
930211799
14929073866405474487
62856400810302664083065550361
564976253
14548731977183056726
48063636453873963635185154547
2895855164
5286103839988185186
49352857542489571987940138767
